[gd_scene load_steps=5 format=3 uid="uid://cdmhiy7hmk26u"]

[ext_resource type="PackedScene" uid="uid://bd5v6py7keiiq" path="res://Scenes/player.tscn" id="1_4cmux"]
[ext_resource type="Material" uid="uid://hy17wmgdu5s0" path="res://Materials/floor.tres" id="1_sehc3"]
[ext_resource type="Material" uid="uid://cxiht6rytenpr" path="res://Materials/objects.tres" id="3_xtve2"]

[sub_resource type="Environment" id="Environment_6a7l6"]
background_mode = 1
background_color = Color(0.758192, 0.758192, 0.758192, 1)

[node name="TestLevel" type="Node3D"]

[node name="Player" parent="." instance=ExtResource("1_4cmux")]
transform = Transform3D(1, 0, 0, 0, 1, 0, 0, 0, 1, 0, 1.96365, 0)

[node name="WorldEnvironment" type="WorldEnvironment" parent="."]
environment = SubResource("Environment_6a7l6")

[node name="DirectionalLight3D" type="DirectionalLight3D" parent="."]
transform = Transform3D(0.909817, 0.321436, -0.262512, 0, 0.632543, 0.774525, 0.415011, -0.704676, 0.575498, 0, 5.32446, 0)
shadow_enabled = true

[node name="Geometry" type="Node3D" parent="."]

[node name="CSGBox3D" type="CSGBox3D" parent="Geometry"]
transform = Transform3D(1, 0, 0, 0, 1, 0, 0, 0, 1, -0.5, 0, 4.5)
use_collision = true
size = Vector3(400, 1, 530)
material = ExtResource("1_sehc3")

[node name="CSGCombiner3D" type="CSGCombiner3D" parent="Geometry"]
material_override = ExtResource("3_xtve2")
use_collision = true

[node name="CSGBox3D2" type="CSGBox3D" parent="Geometry/CSGCombiner3D"]
transform = Transform3D(1, 0, 0, 0, 1, 0, 0, 0, 1, -3.5, 0.75, 0)
size = Vector3(1, 0.5, 1)

[node name="CSGBox3D3" type="CSGBox3D" parent="Geometry/CSGCombiner3D"]
transform = Transform3D(1, 0, 0, 0, 1, 0, 0, 0, 1, -4.5, 1, 0)

[node name="CSGBox3D5" type="CSGBox3D" parent="Geometry/CSGCombiner3D"]
transform = Transform3D(1, 0, 0, 0, 1, 0, 0, 0, 1, -4.5, 1, -2.5)
size = Vector3(3, 1, 1)

[node name="CSGBox3D6" type="CSGBox3D" parent="Geometry/CSGCombiner3D"]
transform = Transform3D(1, 0, 0, 0, 1, 0, 0, 0, 1, -5, 2, -2.5)
size = Vector3(2, 1, 1)

[node name="CSGBox3D7" type="CSGBox3D" parent="Geometry/CSGCombiner3D"]
transform = Transform3D(1, 0, 0, 0, 1, 0, 0, 0, 1, -5.5, 3, -2.5)

[node name="CSGBox3D8" type="CSGBox3D" parent="Geometry/CSGCombiner3D"]
transform = Transform3D(1, 0, 0, 0, 1, 0, 0, 0, 1, -9, 1.75, 2.5)
size = Vector3(1, 2.5, 1)

[node name="CSGBox3D9" type="CSGBox3D" parent="Geometry/CSGCombiner3D"]
transform = Transform3D(1, 0, 0, 0, 1, 0, 0, 0, 1, -7.5, 1.75, 2.5)
size = Vector3(1, 2.5, 1)

[node name="CSGBox3D10" type="CSGBox3D" parent="Geometry/CSGCombiner3D"]
transform = Transform3D(1, 0, 0, 0, 1, 0, 0, 0, 1, -5.5, 1.75, 2.5)
size = Vector3(1, 2.5, 1)

[node name="CSGBox3D11" type="CSGBox3D" parent="Geometry/CSGCombiner3D"]
transform = Transform3D(1, 0, 0, 0, 1, 0, 0, 0, 1, -3, 1.75, 2.5)
size = Vector3(1, 2.5, 1)

[node name="CSGBox3D19" type="CSGBox3D" parent="Geometry/CSGCombiner3D"]
transform = Transform3D(1, 0, 0, 0, 1, 0, 0, 0, 1, 9, 1, -2.17983)
size = Vector3(2, 1, 4.5)

[node name="CSGBox3D20" type="CSGBox3D" parent="Geometry/CSGCombiner3D"]
transform = Transform3D(0.707107, -0.707107, 0, 0.707107, 0.707107, 0, 0, 0, 1, 7.46966, 0.260806, -2.17983)
size = Vector3(2.5, 1, 4.5)

[node name="CSGBox3D21" type="CSGBox3D" parent="Geometry/CSGCombiner3D"]
transform = Transform3D(1, 0, 0, 0, 1, 0, 0, 0, 1, 9, 1, -1.17983)
size = Vector3(2, 1, 2.5)

[node name="CSGBox3D22" type="CSGBox3D" parent="Geometry/CSGCombiner3D"]
transform = Transform3D(0.707107, -0.707107, 0, 0.707107, 0.707107, 0, 0, 0, 1, 7.59604, 0.379288, -1.17983)
size = Vector3(2.14258, 1, 2.5)

[node name="CSGBox3D23" type="CSGBox3D" parent="Geometry/CSGCombiner3D"]
transform = Transform3D(-1, 0, 8.74228e-08, 0, 1, 0, -8.74228e-08, 0, -1, 11.5012, 1, -0.679833)
size = Vector3(2, 1, 1.5)

[node name="CSGBox3D24" type="CSGBox3D" parent="Geometry/CSGCombiner3D"]
transform = Transform3D(-0.707107, 0.707107, 8.74228e-08, 0.707107, 0.707107, 0, -6.18172e-08, 6.18172e-08, -1, 12.9051, 0.379288, -0.679832)
size = Vector3(2.14258, 1, 1.5)

[node name="CSGBox3D25" type="CSGBox3D" parent="Geometry/CSGCombiner3D"]
transform = Transform3D(-1, 0, 8.74228e-08, 0, 1, 0, -8.74228e-08, 0, -1, 12.0012, 1, -2.17983)
size = Vector3(2, 1, 1.5)

[node name="CSGBox3D26" type="CSGBox3D" parent="Geometry/CSGCombiner3D"]
transform = Transform3D(-0.707107, 0.707107, 8.74228e-08, 0.707107, 0.707107, 0, -6.18172e-08, 6.18172e-08, -1, 13.4051, 0.379288, -2.17983)
size = Vector3(2.14258, 1, 1.5)

[node name="CSGBox3D27" type="CSGBox3D" parent="Geometry/CSGCombiner3D"]
transform = Transform3D(-1, 0, 8.74228e-08, 0, 1, 0, -8.74228e-08, 0, -1, 12.5012, 1, -3.67983)
size = Vector3(2, 1, 1.5)

[node name="CSGBox3D28" type="CSGBox3D" parent="Geometry/CSGCombiner3D"]
transform = Transform3D(-0.707107, 0.707107, 8.74228e-08, 0.707107, 0.707107, 0, -6.18172e-08, 6.18172e-08, -1, 13.9051, 0.379288, -3.67983)
size = Vector3(2.14258, 1, 1.5)

[node name="CSGBox3D12" type="CSGBox3D" parent="Geometry/CSGCombiner3D"]
transform = Transform3D(1, 0, 0, 0, 1, 0, 0, 0, 1, 4.75, 2.25, 2.5)
size = Vector3(10.5, 3.5, 1)

[node name="CSGBox3D29" type="CSGBox3D" parent="Geometry/CSGCombiner3D"]
transform = Transform3D(1, 0, 0, 0, 1, 0, 0, 0, 1, 0.25, 3.75, 1.25)
size = Vector3(1.5, 0.5, 1.5)

[node name="CSGBox3D31" type="CSGBox3D" parent="Geometry/CSGCombiner3D"]
transform = Transform3D(1, 0, 0, 0, 1, 0, 0, 0, 1, 1.75, 3.25, 1.25)
size = Vector3(1.5, 0.5, 1.5)

[node name="CSGBox3D33" type="CSGBox3D" parent="Geometry/CSGCombiner3D"]
transform = Transform3D(1, 0, 0, 0, 1, 0, 0, 0, 1, 3.25, 2.75, 1.25)
size = Vector3(1.5, 0.5, 1.5)

[node name="CSGBox3D35" type="CSGBox3D" parent="Geometry/CSGCombiner3D"]
transform = Transform3D(1, 0, 0, 0, 1, 0, 0, 0, 1, 4.75, 2.25, 1.25)
size = Vector3(1.5, 0.5, 1.5)

[node name="CSGBox3D36" type="CSGBox3D" parent="Geometry/CSGCombiner3D"]
transform = Transform3D(1, 0, 0, 0, 1, 0, 0, 0, 1, 6.25, 1.75, 1.25)
size = Vector3(1.5, 0.5, 1.5)

[node name="CSGBox3D37" type="CSGBox3D" parent="Geometry/CSGCombiner3D"]
transform = Transform3D(1, 0, 0, 0, 1, 0, 0, 0, 1, 7.75, 1.25, 1.25)
size = Vector3(1.5, 0.5, 1.5)

[node name="CSGBox3D38" type="CSGBox3D" parent="Geometry/CSGCombiner3D"]
transform = Transform3D(1, 0, 0, 0, 1, 0, 0, 0, 1, 9.25, 0.75, 1.25)
size = Vector3(1.5, 0.5, 1.5)

[node name="CSGBox3D13" type="CSGBox3D" parent="Geometry/CSGCombiner3D"]
transform = Transform3D(1, 0, 0, 0, 0.707107, 0.707107, 0, -0.707107, 0.707107, 2, 0.926777, -5.17678)
size = Vector3(1, 3, 1)

[node name="CSGBox3D16" type="CSGBox3D" parent="Geometry/CSGCombiner3D"]
transform = Transform3D(1, 0, 0, 0, 0.866025, 0.5, 0, -0.5, 0.866025, 1, 1.46258, -5.17678)
size = Vector3(1, 3, 1)

[node name="CSGBox3D17" type="CSGBox3D" parent="Geometry/CSGCombiner3D"]
transform = Transform3D(1, 0, 0, 0, 0.965926, 0.258819, 0, -0.258819, 0.965926, 0, 1.55189, -4.85325)
size = Vector3(1, 5.5, 1)

[node name="CSGBox3D18" type="CSGBox3D" parent="Geometry/CSGCombiner3D"]
transform = Transform3D(1, 0, 0, 0, 1, 2.98023e-08, 0, -2.98023e-08, 1, -1, 2.31093, -4.54427)
size = Vector3(1, 3.98193, 1)

[node name="CSGBox3D14" type="CSGBox3D" parent="Geometry/CSGCombiner3D"]
transform = Transform3D(1, 0, 0, 0, 0.5, 0.866025, 0, -0.866025, 0.5, 3, 0.625, -5.28349)
size = Vector3(1, 3, 1)

[node name="CSGBox3D15" type="CSGBox3D" parent="Geometry/CSGCombiner3D"]
transform = Transform3D(1, 0, 0, 0, 0.258819, 0.965926, 0, -0.965926, 0.258819, 4, 0.301685, -5.28349)
size = Vector3(1, 3, 1)

[node name="CSGBox3D4" type="CSGBox3D" parent="Geometry/CSGCombiner3D"]
transform = Transform3D(1, 0, 0, 0, 1, 0, 0, 0, 1, -5.5, 1.25, 0)
size = Vector3(1, 1.5, 1)

[node name="CSGCylinder3D" type="CSGCylinder3D" parent="Geometry/CSGCombiner3D"]
transform = Transform3D(1, 0, 0, 0, 1, 0, 0, 0, 1, -6, 1.5, -6)
radius = 1.0

[node name="CSGCylinder3D2" type="CSGCylinder3D" parent="Geometry/CSGCombiner3D"]
transform = Transform3D(1, 0, 0, 0, 1, 0, 0, 0, 1, -3, 1.5, -6)
